[
    0,
    0,
    21,
    52,
    72,
    150,
    215,
    273,
    353,
    364,
    461,
    551,
    635,
    716,
    731,
    768,
    784,
    861,
    940,
    992,
    1081,
    1162,
    1170,
    1179,
    1275,
    1342,
    1376,
    1411,
    1432,
    1486,
    1515,
    1583,
    1606,
    1704,
    1763,
    1821,
    1915,
    1977,
    2045,
    2127,
    2145,
    2237,
    2251,
    2273,
    2279,
    2281,
    2356,
    2438,
    2441,
    2475,
    2477,
    2567,
    2580,
    2600,
    2683,
    2780,
    2800,
    2817,
    2829,
    2853,
    2888,
    2955,
    2991,
    3043,
    3085,
    3132,
    3154,
    3241,
    3265,
    3335,
    3348,
    3403,
    3471,
    3498,
    3523,
    3586,
    3619,
    3713,
    3805,
    3868,
    3872,
    3938,
    3961,
    4041,
    4076,
    4140,
    4207,
    4282,
    4296,
    4308,
    4318,
    4385,
    4423,
    4521,
    4585,
    4590,
    4614,
    4664,
    4733,
    4802,
    4866,
    4870,
    4942,
    5022,
    5040,
    5100,
    5121,
    5201,
    5298,
    5360,
    5417,
    5463,
    5475,
    5522,
    5553,
    5584,
    5642,
    5706,
    5777,
    5799,
    5886,
    5960,
    5964,
    6043,
    6134,
    6190,
    6224,
    6241,
    6273,
    6355,
    6427,
    6506,
    6545,
    6597,
    6652,
    6727,
    6752,
    6757,
    6772,
    6804,
    6900,
    6939,
    6973,
    7022,
    7117,
    7208,
    7286,
    7323,
    7419,
    7430,
    7509,
    7510,
    7588,
    7640,
    7733,
    7769,
    7827,
    7924,
    7983,
    8050,
    8123,
    8170,
    8231,
    8265,
    8297,
    8317,
    8394,
    8431,
    8469,
    8494,
    8552,
    8585,
    8600,
    8669,
    8756,
    8829,
    8923,
    8930,
    8949,
    8952,
    8972,
    8983,
    9027,
    9054,
    9107,
    9126,
    9183,
    9228,
    9321,
    9332,
    9354,
    9418,
    9501,
    9518,
    9536,
    9561,
    9634,
    9648,
    9701,
    9799,
    9852,
    9892,
    9949,
    10024,
    10066,
    10138,
    10201,
    10237,
    10273,
    10354,
    10428,
    10436,
    10503,
    10555,
    10595,
    10618,
    10682,
    10715,
    10798,
    10890,
    10912,
    10976,
    11060,
    11071,
    11154,
    11232,
    11247,
    11273,
    11281,
    11290,
    11373,
    11435,
    11505,
    11582,
    11673,
    11684,
    11729,
    11773,
    11850,
    11948,
    11962,
    12039,
    12065,
    12081,
    12174,
    12190,
    12217,
    12266,
    12296,
    12345,
    12358,
    12401,
    12422,
    12516,
    12525,
    12609,
    12687,
    12777,
    12830,
    12831,
    12923,
    13009,
    13012,
    13092,
    13107,
    13116,
    13181,
    13216,
    13306,
    13373,
    13380,
    13418,
    13460,
    13556,
    13603,
    13684,
    13735,
    13805,
    13874,
    13932,
    13999,
    14001,
    14042,
    14081,
    14087,
    14092,
    14174,
    14254,
    14335,
    14416,
    14486,
    14557,
    14569,
    14586,
    14607,
    14705,
    14801,
    14848,
    14888,
    14926,
    14994,
    15032,
    15045,
    15065,
    15095,
    15123,
    15127,
    15137,
    15233,
    15293,
    15305,
    15331,
    15429,
    15460,
    15545,
    15550,
    15600,
    15671,
    15674,
    15693,
    15764,
    15783,
    15807,
    15832,
    15879,
    15907,
    15953,
    16025,
    16044,
    16066,
    16154,
    16224,
    16235,
    16280,
    16338,
    16378,
    16445,
    16517,
    16531,
    16612,
    16705,
    16711,
    16764,
    16788,
    16811,
    16856,
    16921,
    16966,
    16971
]